,precision,recall,f1-score,support
DRV,0.5178571428571429,0.3717948717948718,0.43283582089552236,78.0
EVT,0.0,0.0,0.0,14.0
GPE_LOC,0.6843853820598007,0.48130841121495327,0.5651577503429356,428.0
GPE_ORG,0.4482758620689655,0.21311475409836064,0.28888888888888886,61.0
LOC,0.0,0.0,0.0,185.0
MISC,0.0,0.0,0.0,14.0
ORG,0.5258620689655172,0.11708253358925144,0.19152276295133439,521.0
PER,0.5387931034482759,0.39021852237252863,0.45262522631261315,961.0
PROD,0.2857142857142857,0.04580152671755725,0.07894736842105263,131.0
micro avg,0.5655737704918032,0.2883409945674885,0.38195405480210354,2393.0
macro avg,0.33343198279044306,0.1799245133097248,0.2233308686458163,2393.0
weighted avg,0.49721584204933467,0.2883409945674885,0.35034234878649134,2393.0
