,B-GPE_LOC,I-DRV,I-LOC,B-PER,I-PER,B-PROD,I-GPE_ORG,B-GPE_ORG,B-EVT,B-DRV,I-PROD,B-ORG,B-MISC,I-MISC,I-GPE_LOC,B-LOC,I-ORG,I-EVT
B-GPE_LOC,208,0,0,33,2,0,0,12,0,1,0,5,0,0,2,0,0,0
I-DRV,0,0,0,0,0,0,0,0,0,2,0,0,0,0,0,0,0,0
I-LOC,0,0,0,12,20,0,0,0,0,0,0,0,0,0,0,0,2,0
B-PER,3,0,0,413,32,3,0,0,0,4,1,0,0,0,0,0,0,0
I-PER,0,0,0,25,336,0,0,0,0,0,1,0,0,0,1,0,0,0
B-PROD,3,0,0,15,0,7,0,0,0,2,0,6,0,0,0,0,0,0
I-GPE_ORG,0,0,0,0,0,0,0,0,0,0,0,0,0,0,2,0,0,0
B-GPE_ORG,10,0,0,2,1,0,0,13,0,0,0,0,0,0,0,0,0,0
B-EVT,0,0,0,1,0,0,0,0,0,1,0,0,0,0,0,0,0,0
B-DRV,1,2,0,0,0,0,0,0,0,30,0,0,0,0,0,0,0,0
I-PROD,3,0,0,2,13,2,0,0,0,0,14,0,0,0,0,0,4,0
B-ORG,10,0,0,40,4,3,0,3,0,1,0,65,0,0,0,1,1,0
B-MISC,0,0,0,1,0,0,0,0,0,0,0,1,0,0,0,0,0,0
I-MISC,0,0,0,0,1,0,0,0,0,0,0,0,0,0,0,0,0,0
I-GPE_LOC,1,0,0,1,25,0,0,0,0,0,0,0,0,0,32,0,1,0
B-LOC,20,0,0,12,0,0,0,0,0,1,0,8,0,0,0,0,0,0
I-ORG,13,0,1,8,36,1,0,1,0,0,11,0,0,0,1,0,16,0
I-EVT,0,0,0,0,1,0,0,0,0,0,0,0,0,0,0,0,0,0
