,B-GPE_LOC,I-DRV,I-LOC,B-PER,I-PER,B-PROD,I-GPE_ORG,B-GPE_ORG,B-EVT,B-DRV,I-PROD,B-ORG,B-MISC,I-MISC,I-GPE_LOC,B-LOC,I-ORG,I-EVT,O
B-GPE_LOC,208,0,0,33,2,0,0,12,0,1,0,5,0,0,2,0,0,0,165
I-DRV,0,0,0,0,0,0,0,0,0,2,0,0,0,0,0,0,0,0,11
I-LOC,0,0,0,12,20,0,0,0,0,0,0,0,0,0,0,0,2,0,51
B-PER,3,0,0,413,32,3,0,0,0,4,1,0,0,0,0,0,0,0,505
I-PER,0,0,0,25,336,0,0,0,0,0,1,0,0,0,1,0,0,0,147
B-PROD,3,0,0,15,0,7,0,0,0,2,0,6,0,0,0,0,0,0,98
I-GPE_ORG,0,0,0,0,0,0,0,0,0,0,0,0,0,0,2,0,0,0,5
B-GPE_ORG,10,0,0,2,1,0,0,13,0,0,0,0,0,0,0,0,0,0,35
B-EVT,0,0,0,1,0,0,0,0,0,1,0,0,0,0,0,0,0,0,12
B-DRV,1,2,0,0,0,0,0,0,0,30,0,0,0,0,0,0,0,0,45
I-PROD,3,0,0,2,13,2,0,0,0,0,14,0,0,0,0,0,4,0,88
B-ORG,10,0,0,40,4,3,0,3,0,1,0,65,0,0,0,1,1,0,393
B-MISC,0,0,0,1,0,0,0,0,0,0,0,1,0,0,0,0,0,0,12
I-MISC,0,0,0,0,1,0,0,0,0,0,0,0,0,0,0,0,0,0,2
I-GPE_LOC,1,0,0,1,25,0,0,0,0,0,0,0,0,0,32,0,1,0,19
B-LOC,20,0,0,12,0,0,0,0,0,1,0,8,0,0,0,0,0,0,144
I-ORG,13,0,1,8,36,1,0,1,0,0,11,0,0,0,1,0,16,0,160
I-EVT,0,0,0,0,1,0,0,0,0,0,0,0,0,0,0,0,0,0,3
O,29,1,0,131,87,5,0,0,0,14,12,31,0,0,2,0,4,0,50955
