,precision,recall,f1-score,support
B-GPE_LOC,0.6910299003322259,0.48598130841121495,0.5706447187928669,428.0
I-DRV,0.0,0.0,0.0,13.0
I-LOC,0.0,0.0,0.0,85.0
B-PER,0.5933908045977011,0.4297606659729448,0.4984912492456246,961.0
I-PER,0.6021505376344086,0.6588235294117647,0.6292134831460674,510.0
B-PROD,0.3333333333333333,0.05343511450381679,0.09210526315789475,131.0
I-GPE_ORG,0.0,0.0,0.0,7.0
B-GPE_ORG,0.4482758620689655,0.21311475409836064,0.28888888888888886,61.0
B-EVT,0.0,0.0,0.0,14.0
B-DRV,0.5357142857142857,0.38461538461538464,0.44776119402985076,78.0
I-PROD,0.358974358974359,0.1111111111111111,0.1696969696969697,126.0
B-ORG,0.5603448275862069,0.12476007677543186,0.20408163265306123,521.0
B-MISC,0.0,0.0,0.0,14.0
I-MISC,0.0,0.0,0.0,3.0
I-GPE_LOC,0.8,0.4050632911392405,0.5378151260504201,79.0
B-LOC,0.0,0.0,0.0,185.0
I-ORG,0.5714285714285714,0.06451612903225806,0.11594202898550726,248.0
I-EVT,0.0,0.0,0.0,4.0
micro avg,0.6003176283748015,0.32698961937716264,0.42337128990106404,3468.0
macro avg,0.30525791564833654,0.16284340917064044,0.19748003081373067,3468.0
weighted avg,0.5271015148241606,0.32698961937716264,0.37708986688107654,3468.0
