,precision,recall,f1-score,support
B-GPE_LOC,0.6923076923076923,0.6428571428571429,0.6666666666666666,28.0
I-DRV,0.0,0.0,0.0,0.0
I-LOC,0.0,0.0,0.0,0.0
B-PER,0.3793103448275862,0.2558139534883721,0.3055555555555556,43.0
I-PER,0.4444444444444444,0.6,0.5106382978723405,20.0
B-PROD,0.0,0.0,0.0,5.0
I-GPE_ORG,0.0,0.0,0.0,0.0
B-GPE_ORG,0.5,0.05,0.09090909090909091,20.0
B-EVT,0.0,0.0,0.0,0.0
B-DRV,0.16666666666666666,0.3333333333333333,0.2222222222222222,3.0
I-PROD,0.0,0.0,0.0,0.0
B-ORG,0.9166666666666666,0.14285714285714285,0.24719101123595502,77.0
B-MISC,0.0,0.0,0.0,1.0
I-MISC,0.0,0.0,0.0,0.0
I-GPE_LOC,1.0,0.6666666666666666,0.8,6.0
B-LOC,0.0,0.0,0.0,2.0
I-ORG,0.0,0.0,0.0,11.0
I-EVT,0.0,0.0,0.0,0.0
micro avg,0.5321100917431193,0.26851851851851855,0.356923076923077,216.0
macro avg,0.22774421193961425,0.14952934662236986,0.1579546024701017,216.0
weighted avg,0.6095702890482584,0.26851851851851855,0.31637443455101566,216.0
