,precision,recall,f1-score,support
DRV,0.16666666666666666,0.3333333333333333,0.2222222222222222,3.0
GPE_LOC,0.6923076923076923,0.6428571428571429,0.6666666666666666,28.0
GPE_ORG,0.5,0.05,0.09090909090909091,20.0
LOC,0.0,0.0,0.0,2.0
MISC,0.0,0.0,0.0,1.0
ORG,0.9166666666666666,0.14285714285714285,0.24719101123595502,77.0
PER,0.3793103448275862,0.2558139534883721,0.3055555555555556,43.0
PROD,0.0,0.0,0.0,5.0
micro avg,0.56,0.2346368715083799,0.33070866141732286,179.0
macro avg,0.3318689213085765,0.1781076965669989,0.19156806832368628,179.0
weighted avg,0.6523927013717035,0.2346368715083799,0.29790006651157863,179.0
