,B-GPE_LOC,I-DRV,I-LOC,B-PER,I-PER,B-PROD,I-GPE_ORG,B-GPE_ORG,B-EVT,B-DRV,I-PROD,B-ORG,B-MISC,I-MISC,I-GPE_LOC,B-LOC,I-ORG,I-EVT,O
B-GPE_LOC,18,0,0,0,0,0,0,1,0,0,0,0,0,0,0,0,0,0,9
I-DRV,0,0,0,0,0,0,0,0,0,0,0,0,0,0,0,0,0,0,0
I-LOC,0,0,0,0,0,0,0,0,0,0,0,0,0,0,0,0,0,0,0
B-PER,0,0,0,11,7,0,0,0,0,1,0,0,0,0,0,0,0,0,24
I-PER,0,0,0,3,12,0,0,0,0,0,0,0,0,0,0,0,0,0,5
B-PROD,0,0,0,0,0,0,0,0,0,1,0,0,0,0,0,0,0,0,4
I-GPE_ORG,0,0,0,0,0,0,0,0,0,0,0,0,0,0,0,0,0,0,0
B-GPE_ORG,5,0,0,2,2,0,0,1,0,1,0,0,0,0,0,0,0,0,9
B-EVT,0,0,0,0,0,0,0,0,0,0,0,0,0,0,0,0,0,0,0
B-DRV,0,0,0,0,0,0,0,0,0,1,0,0,0,0,0,0,0,0,2
I-PROD,0,0,0,0,0,0,0,0,0,0,0,0,0,0,0,0,0,0,0
B-ORG,0,0,0,2,0,0,0,0,0,1,0,11,0,0,0,0,0,0,63
B-MISC,0,0,0,0,0,0,0,0,0,0,0,0,0,0,0,0,0,0,1
I-MISC,0,0,0,0,0,0,0,0,0,0,0,0,0,0,0,0,0,0,0
I-GPE_LOC,0,0,0,0,0,0,0,0,0,0,0,0,0,0,4,0,0,0,2
B-LOC,0,0,0,0,0,0,0,0,0,0,0,0,0,0,0,0,0,0,2
I-ORG,0,0,0,0,1,0,0,0,0,0,0,0,0,0,0,0,0,0,10
I-EVT,0,0,0,0,0,0,0,0,0,0,0,0,0,0,0,0,0,0,0
O,3,1,0,11,5,0,0,0,0,1,0,1,0,0,0,0,2,0,5198
