,B-GPE_LOC,I-DRV,I-LOC,B-PER,I-PER,B-PROD,I-GPE_ORG,B-GPE_ORG,B-EVT,B-DRV,I-PROD,B-ORG,B-MISC,I-MISC,I-GPE_LOC,B-LOC,I-ORG,I-EVT
B-GPE_LOC,18,0,0,0,0,0,0,1,0,0,0,0,0,0,0,0,0,0
I-DRV,0,0,0,0,0,0,0,0,0,0,0,0,0,0,0,0,0,0
I-LOC,0,0,0,0,0,0,0,0,0,0,0,0,0,0,0,0,0,0
B-PER,0,0,0,11,7,0,0,0,0,1,0,0,0,0,0,0,0,0
I-PER,0,0,0,3,12,0,0,0,0,0,0,0,0,0,0,0,0,0
B-PROD,0,0,0,0,0,0,0,0,0,1,0,0,0,0,0,0,0,0
I-GPE_ORG,0,0,0,0,0,0,0,0,0,0,0,0,0,0,0,0,0,0
B-GPE_ORG,5,0,0,2,2,0,0,1,0,1,0,0,0,0,0,0,0,0
B-EVT,0,0,0,0,0,0,0,0,0,0,0,0,0,0,0,0,0,0
B-DRV,0,0,0,0,0,0,0,0,0,1,0,0,0,0,0,0,0,0
I-PROD,0,0,0,0,0,0,0,0,0,0,0,0,0,0,0,0,0,0
B-ORG,0,0,0,2,0,0,0,0,0,1,0,11,0,0,0,0,0,0
B-MISC,0,0,0,0,0,0,0,0,0,0,0,0,0,0,0,0,0,0
I-MISC,0,0,0,0,0,0,0,0,0,0,0,0,0,0,0,0,0,0
I-GPE_LOC,0,0,0,0,0,0,0,0,0,0,0,0,0,0,4,0,0,0
B-LOC,0,0,0,0,0,0,0,0,0,0,0,0,0,0,0,0,0,0
I-ORG,0,0,0,0,1,0,0,0,0,0,0,0,0,0,0,0,0,0
I-EVT,0,0,0,0,0,0,0,0,0,0,0,0,0,0,0,0,0,0
